L3 Hyper-Search Results (G1 architecture)
==========================================================
Rank | hidden |     lr | dropout |   lmcr |    Val |   Test
----------------------------------------------------------
   1 |    128 |  0.005 |     0.6 |  0.005 | 0.6900 | 0.6850
   2 |    128 |  0.005 |     0.6 |  0.001 | 0.6867 | 0.7010
   3 |     64 |  0.010 |     0.5 |  0.001 | 0.6800 | 0.6610
   4 |     64 |  0.010 |     0.5 |  0.005 | 0.6800 | 0.6690
   5 |     64 |  0.005 |     0.5 |  0.005 | 0.6767 | 0.6720
   6 |    128 |  0.010 |     0.6 |  0.001 | 0.6767 | 0.7070
   7 |    128 |  0.010 |     0.6 |  0.005 | 0.6767 | 0.6960
   8 |     64 |  0.005 |     0.6 |  0.005 | 0.6733 | 0.6730
   9 |     64 |  0.005 |     0.5 |  0.001 | 0.6700 | 0.6480
  10 |    128 |  0.005 |     0.5 |  0.001 | 0.6700 | 0.6890
  11 |    128 |  0.005 |     0.5 |  0.005 | 0.6667 | 0.6990
  12 |    128 |  0.010 |     0.5 |  0.001 | 0.6667 | 0.6920
  13 |    128 |  0.010 |     0.5 |  0.005 | 0.6667 | 0.6930
  14 |     64 |  0.005 |     0.6 |  0.001 | 0.6633 | 0.6660
  15 |     64 |  0.010 |     0.6 |  0.001 | 0.6600 | 0.6700
  16 |     64 |  0.010 |     0.6 |  0.005 | 0.6600 | 0.6890
==========================================================
Best: hidden=128, lr=0.005, dropout=0.6, lambda_mcr=0.005
  Val=0.6900, Test=0.6850
G1 baseline: val=0.7033, test=0.6800

